Regions for hot and cold 
1,1,1,1,5,5,5,6,6,6
1,1,1,1,5,5,5,6,6,6
1,1,1,5,5,5,5,6,6,6
1,1,1,5,5,5,5,6,6,6
1,1,1,5,5,5,5,6,6,6
2,2,2,3,3,3,3,4,4,4
2,2,2,3,3,3,3,4,4,4
2,2,2,3,3,3,3,4,4,4
2,2,2,2,3,3,3,4,4,4
2,2,2,2,3,3,3,4,4,4

TotalPowerConsumedWhenAll_AC_ON = no_AC*5507*3.5*3600

0 hot region

14,14,14,14,14,14,14,14,14,14
14,14,14,14,14,14,14,14,14,14
14,14,14,14,14,14,14,14,14,14
14,14,14,14,14,14,14,14,14,14
14,14,14,14,14,14,14,14,14,14
14,14,14,14,14,14,14,14,14,14
14,14,14,14,14,14,14,14,14,14
14,14,14,14,14,14,14,14,14,14
14,14,14,14,14,14,14,14,14,14
14,14,14,14,14,14,14,14,14,14

Total Power Consumed = 197178135

No Of Ac Used = 4

ratio = 28.95


1 hot region

20,18,18,18,14,14,14,14,14,14
20,20,18,18,14,14,14,14,14,14
18,18,18,14,14,14,14,14,14,14
18,18,17,14,14,14,14,14,14,14
18,18,17,14,14,14,14,14,14,14
14,14,14,14,14,14,14,14,14,14
14,14,14,14,14,14,14,14,14,14
14,14,14,14,14,14,14,14,14,14
14,14,14,14,14,14,14,14,14,14
14,14,14,14,14,14,14,14,14,14

Total Power Consumed = 244598912

No Of Ac Used = 5

ratio = 29.4



2 hot regions

20,18,18,18,17,18,19,14,14,14
20,20,18,18,17,18,19,14,14,14
18,18,18,18,19,19,19,14,14,14
18,18,17,19,20,20,19,14,14,14
18,18,17,18,19,19,18,14,14,14
14,14,14,14,14,14,14,14,14,14
14,14,14,14,14,14,14,14,14,14
14,14,14,14,14,14,14,14,14,14
14,14,14,14,14,14,14,14,14,14
14,14,14,14,14,14,14,14,14,14

Total Power Consumed = 205724999

No Of Ac Used = 7

ratio = 57.64

3 hot regions

20,18,18,18,17,18,19,14,14,14
20,20,18,18,17,18,19,14,14,14
18,18,18,18,19,19,19,14,14,14
18,18,17,19,20,20,19,14,14,14
18,18,17,18,19,19,18,14,14,14
18,19,18,14,14,14,14,14,14,14
19,19,18,14,14,14,14,14,14,14
19,20,19,14,14,14,14,14,14,14
19,20,20,19,14,14,14,14,14,14
19,19,19,19,14,14,14,14,14,14

Total Power Consumed = 310159747

No Of Ac Used = 8

ratio = 44.12

4 hot regions

20,18,18,18,17,18,19,19,19,19
20,20,18,18,17,18,19,19,20,20
18,18,18,18,19,19,19,19,20,19
18,18,17,19,20,20,19,19,18,18
18,18,17,18,19,19,18,19,18,18
18,19,18,14,14,14,14,14,14,14
19,19,18,14,14,14,14,14,14,14
19,20,19,14,14,14,14,14,14,14
19,20,20,19,14,14,14,14,14,14
19,19,19,19,14,14,14,14,14,14

Total Power Consumed = 289007360

No Of Ac Used = 8

ratio = 47.9

5 hot regions

20,18,18,18,17,18,19,19,19,19
20,20,18,18,17,18,19,19,20,20
18,18,18,18,19,19,19,19,20,19
18,18,17,19,20,20,19,19,18,18
18,18,17,18,19,19,18,19,18,18
18,19,18,18,19,19,18,14,14,14
19,19,18,20,20,20,19,14,14,14
19,20,19,18,20,20,19,14,14,14
19,20,20,19,20,14,18,14,14,14
19,19,19,19,19,19,18,14,14,14

Total Power Consumed = 198576913

No Of Ac Used = 6

ratio = 52.3

6 hot regions

20,18,18,18,17,18,19,19,19,19
20,20,18,18,17,18,19,19,20,20
18,18,18,18,19,19,19,19,20,19
18,18,17,19,20,20,19,19,18,18
18,18,17,18,19,19,18,19,18,18
18,19,18,18,19,19,18,20,20,18
19,19,18,20,20,20,19,20,20,20
19,20,19,18,20,20,19,20,20,20
19,20,20,19,20,14,18,19,20,20
19,19,19,19,19,19,18,18,18,19

Total Power Consumed = 239108433

No Of Ac Used = 6

ratio = 42.5

